0.00000000 0.00000272 0.00000272 -3.52034350 -3.52034078 -3.52034078 15.00000000
0.00324079 0.00324079 0.00324624 -2.89124844 -2.89124844 -2.89124300 14.00000000
-0.00008163 -0.00008163 -0.00007619 -2.89189605 -2.89189605 -2.89188789 13.00000000
-0.00029388 -0.00029388 -0.00028571 -2.89344978 -2.89344978 -2.89343618 12.00000000
-0.00125169 -0.00125169 -0.00123537 -2.89343074 -2.89343074 -2.89340625 11.00000000
-0.00126530 -0.00126530 -0.00123537 -2.89348788 -2.89348516 -2.89344162 10.00000000
1.03019710 1.03019710 1.03026241 -2.89357495 -2.89357495 -2.89347155 9.00000000
1.03002023 1.03002023 1.03016445 -2.89375454 -2.89375454 -2.89352870 8.00000000
1.02980255 1.02980527 1.03015901 -2.89412461 -2.89412189 -2.89365114 7.00000000
1.03139981 1.03139981 1.03293994 -2.89531100 -2.89531100 -2.89413822 6.00000000
1.02554135 1.02554135 1.03168009 -2.89492733 -2.89492733 -2.89135184 5.00000000
1.02403388 1.02403388 1.03131818 -2.89594228 -2.89593956 -2.89161306 4.75000000
1.02358218 1.02358762 1.03124471 -2.89661711 -2.89661167 -2.89199945 4.50000000
1.02632502 1.02632774 1.03245559 -2.89478039 -2.89477767 -2.89131374 4.25000000
1.03661339 1.03686100 1.03686372 -2.88770561 -2.88596412 -2.88596140 4.00000000
1.04962010 1.06820229 1.06821045 -2.87731928 -2.85941464 -2.85941736 3.75000000
1.08104302 1.14667522 1.14669155 -2.85212489 -2.79020967 -2.79021511 3.50000000
1.14709971 1.32682911 1.32686176 -2.79701778 -2.62413460 -2.62413460 3.25000000
1.27316688 1.72179514 1.72187949 -2.68564167 -2.24732083 -2.24726641 3.00000000
1.52009854 2.57522881 2.57548187 -2.45935477 -1.42543252 -1.42518762 2.75000000
2.13404268 4.40219058 4.40309398 -1.89650688 0.31919512 0.32018014 2.50000000
2.36464520 4.96742757 4.96860035 -1.68473144 0.85404864 0.85534931 2.45000000
2.65941055 5.62814146 5.62965982 -1.41332920 1.47686074 1.47855869 2.40000000
3.03751956 6.40212533 6.40408722 -1.06436286 2.20333745 2.20563676 2.35000000
3.52324416 7.31122938 7.31375453 -0.61492373 3.05416162 3.05711398 2.30000000
4.14719367 8.38253368 8.38576632 -0.03630452 4.05405145 4.05782285 2.25000000
4.94795831 9.64987476 9.65400534 0.70810677 5.23507474 5.23986926 2.20000000
5.97412823 11.15588088 11.16112166 1.66489212 6.63885026 6.64456995 2.15000000
7.28656288 12.95423060 12.96083192 2.89387155 8.31836813 8.32588917 2.10000000
8.08443774 14.04819054 14.05781224 4.47079148 10.34423740 10.35328496 2.05000000
10.24354420 16.68529104 16.69756578 6.49364580 12.80707514 12.81867234 2.00000000
